Name				346_n020_m400_bt3
Number_of_Customers		20
Number_of_Items			400
Number_of_ItemTypes		3
Number_of_Vehicles		6
TimeWindows			1

VEHICLE
Mass_Capacity			12595
CargoSpace_Length		60
CargoSpace_Width		25
CargoSpace_Height		30
Wheelbase			48
Max_Mass_FrontAxle		7100
Max_Mass_RearAxle		11500
Distance_FrontAxle_CargoSpace	4

CUSTOMERS
i		x		y		Demand		ReadyTime	DueDate		ServiceTime	DemandedMass	DemandedVolume
0		-40.300871729850776		-20.27589989454732		0		0		1000		0		0		0
1		-40.33148646354676		-20.446810734856708		20		597		825		10		1741.84		4845
2		-40.32405138015748		-20.387756288764287		19		0		188		10		1279.28		4035
3		-40.31939506530762		-20.374943464929345		24		0		972		10		2150.48		5910
4		-40.30377388000489		-20.363417048526543		20		0		162		10		1918.6		5175
5		-40.284419059753425		-20.352372606541454		19		727		965		10		1895.04		5040
6		-40.30228257179261		-20.349822616308945		16		155		351		10		1234.68		3720
7		-40.29674649238587		-20.324073907889556		22		101		319		10		1487.6		4635
8		-40.268355309963226		-20.324775653499064		20		677		921		10		1630.28		4740
9		-40.35471439361573		-20.37615036972649		19		0		965		10		1895.04		5040
10		-40.39798378944398		-20.346503039332593		14		3		199		10		1010.8		3120
11		-40.38748562335969		-20.3431783612086		22		504		796		10		1978.76		5490
12		-40.38785576820374		-20.346503039332593		17		0		945		10		1094.52		3570
13		-40.368307828903205		-20.382808291447343		20		419		657		10		1178.24		4020
14		-40.38116633892059		-20.33092019321995		21		356		614		10		1352.48		4395
15		-40.36475658416748		-20.301837739601932		21		9		231		10		1162.68		4020
16		-40.36919832229615		-20.324808351245537		21		469		711		10		1817.56		5160
17		-40.364788770675666		-20.332001687429003		19		0		948		10		1443		4320
18		-40.396052598953254		-20.27136598664413		18		343		595		10		1570.12		4425
19		-40.35613596439362		-20.260863517903474		24		0		975		10		1875.2		5520
20		-40.35588651895524		-20.3154565141012		24		457		731		10		2150.48		5910

ITEMS
Type		Length		Width		Height		Mass		Fragility	LoadBearingStrength
Bt1		9		3		5		23.56		0		1.7642530
Bt2		6		5		6		36.60		1		2.1070247
Bt3		15		5		5		174.24		0		62.5591075

DEMANDS PER CUSTOMER
i	Type Quantity
1	Bt1 7	Bt2 5	Bt3 8	
2	Bt1 8	Bt2 6	Bt3 5	
3	Bt1 8	Bt2 6	Bt3 10	
4	Bt1 4	Bt2 7	Bt3 9	
5	Bt1 3	Bt2 7	Bt3 9	
6	Bt1 3	Bt2 8	Bt3 5	
7	Bt1 11	Bt2 5	Bt3 6	
8	Bt1 5	Bt2 8	Bt3 7	
9	Bt1 3	Bt2 7	Bt3 9	
10	Bt1 4	Bt2 6	Bt3 4	
11	Bt1 5	Bt2 8	Bt3 9	
12	Bt1 6	Bt2 7	Bt3 4	
13	Bt1 8	Bt2 8	Bt3 4	
14	Bt1 8	Bt2 8	Bt3 5	
15	Bt1 12	Bt2 5	Bt3 4	
16	Bt1 4	Bt2 9	Bt3 8	
17	Bt1 6	Bt2 7	Bt3 6	
18	Bt1 4	Bt2 7	Bt3 7	
19	Bt1 8	Bt2 8	Bt3 8	
20	Bt1 8	Bt2 6	Bt3 10	